Network built: 131 buses, 191 lines, 16 trafos, 103 loads, 22 gens, 2 ext_grid(s)

Running AC power flow (pp.runpp) ...

=== Bus results (res_bus) ===
        vm_pu  va_degree         p_mw      q_mvar                   name  vn_kv
0    0.993271 -35.441017    82.735100   10.500000   CONNECTIVITY_NODE109  132.0
1    0.977278 -24.406522    23.638600   11.250000   CONNECTIVITY_NODE231  132.0
2    0.955718 -27.300634    58.021900   20.250100   CONNECTIVITY_NODE314  132.0
3    0.868693 -52.081131   103.150100   17.250000   CONNECTIVITY_NODE262  132.0
4    1.000000 -34.826577  -149.085000   67.749162   CONNECTIVITY_NODE421  132.0
5    0.916790 -33.975832    73.064600   20.250000   CONNECTIVITY_NODE334  132.0
6    0.885862 -33.178009    10.744800    3.750000   CONNECTIVITY_NODE585  132.0
7    1.000000 -19.047419    -7.454220  -32.596777         Bus-1678975551   33.0
8    0.952391 -56.056356    54.798300   20.250000    CONNECTIVITY_NODE55  132.0
9    0.878777 -48.064506    35.457800    6.750000  CONNECTIVITY_NODE1011  132.0
10   0.976649 -45.131277    19.340600    3.749990   CONNECTIVITY_NODE212  132.0
11   0.933419 -34.568774    63.394100   17.250000     CONNECTIVITY_NODE5  132.0
12   0.986003 -19.233490    25.787500   11.250000   CONNECTIVITY_NODE595  132.0
13   1.000000 -29.198622  -364.325000  247.335987   CONNECTIVITY_NODE659  220.0
14   1.044651 -33.883056     0.000000    0.000000           BP_SD-EH_DC1  400.0
15   1.111268 -27.935412     0.000000    0.000000              BP_SD-EH3  400.0
16   1.000000 -16.749856    -3.727110  -27.806796         Bus-1131909578   33.0
17   1.000000   0.000000 -1011.362226 -238.357689   CONNECTIVITY_NODE527  220.0
18   0.992518 -19.146206     0.000000    0.000000          Bus-107262704   33.0
19   0.951437 -44.094504    56.947200   16.500000   CONNECTIVITY_NODE732  132.0
20   1.000000  -7.936190  -204.991000 -115.271466   CONNECTIVITY_NODE450  132.0
21   0.926948 -34.103741    23.638500    5.249990   CONNECTIVITY_NODE817  132.0
22   1.000000 -45.431628    76.689600 -104.495114   CONNECTIVITY_NODE273  132.0
23   0.953309 -37.534609     2.148950    0.750000   CONNECTIVITY_NODE322  132.0
24   0.935693 -25.606052    13.968200    0.000000    CONNECTIVITY_NODE24  132.0
25   1.000000 -20.336920    -3.727110   -8.396446  CONNECTIVITY_NODE1210   33.0
26   0.845497 -53.085830    70.915700   17.250000   CONNECTIVITY_NODE477  132.0
27   0.990855 -33.720935    30.085500    5.250010   CONNECTIVITY_NODE113  132.0
28   0.914872 -39.886545     0.000000    0.000000   CONNECTIVITY_NODE310  220.0
29   0.954517 -38.092505     8.595810    2.249990   CONNECTIVITY_NODE326  132.0
30   0.991903 -40.894463    18.266200    3.000000    CONNECTIVITY_NODE51  132.0
31   1.000000 -26.924799  -304.776000   32.761635   CONNECTIVITY_NODE151  132.0
32   1.083468 -27.801487     0.000000    0.000000    BP Portheim-Espheim  400.0
33   1.028185 -28.060843     0.000000    0.000000              BP_EH-PH3  220.0
34   0.976459 -20.178293     5.372380    2.249990    CONNECTIVITY_NODE67  132.0
35   1.027843 -28.059245     0.000000    0.000000   CONNECTIVITY_NODE281  220.0
36   0.994516 -38.473537    36.532300    0.000000   CONNECTIVITY_NODE117  132.0
37   0.871021 -38.826587    15.042700    5.999980  CONNECTIVITY_NODE1028  132.0
38   1.000000 -40.210910   153.205000   25.713285   CONNECTIVITY_NODE277  132.0
39   0.942451 -31.291798     0.000000    0.000000              BP_EH-PH1  132.0
40   0.983904 -44.943490    12.893800    2.250000   CONNECTIVITY_NODE977  132.0
41   0.951183 -36.061336    33.308800   19.499900   CONNECTIVITY_NODE220  132.0
42   0.965548 -29.263052    41.904700   24.000000   CONNECTIVITY_NODE158  132.0
43   1.000000 -32.007412   -12.558000  -82.808789   CONNECTIVITY_NODE162  132.0
44   0.969879 -52.843027    15.042700    0.749999   CONNECTIVITY_NODE831  132.0
45   0.963634 -27.385228    40.830100   11.250000   CONNECTIVITY_NODE105  132.0
46   1.000000  -9.811255  -766.357000   -7.355130   CONNECTIVITY_NODE464  132.0
47   0.884290 -47.467664    63.394400   19.500100   CONNECTIVITY_NODE204  132.0
48   0.935988 -42.032941    73.064600    9.750010   CONNECTIVITY_NODE460  132.0
49   0.980710 -53.808782    20.415100    1.500000   CONNECTIVITY_NODE144  132.0
50   0.968913 -16.996323   175.140100   31.500000   CONNECTIVITY_NODE577  132.0
51   0.889062 -46.835642     0.000000    0.000000   CONNECTIVITY_NODE292  132.0
52   0.871338 -42.942935    19.340600    2.250000   CONNECTIVITY_NODE388  132.0
53   0.927564 -34.220720     8.595810    2.249990    CONNECTIVITY_NODE20  132.0
54   0.930720 -32.156024    76.288220    9.750030   CONNECTIVITY_NODE411  132.0
55   0.974888 -53.468018    75.213600   17.250100   CONNECTIVITY_NODE187  132.0
56   0.969263 -25.766048    32.234500   12.000000    CONNECTIVITY_NODE75  132.0
57   0.957854 -34.804290    40.830400   18.750100   CONNECTIVITY_NODE166  132.0
58        NaN        NaN     0.000000    0.000000              BP_SD-EH1  220.0
59   1.002512 -53.923943     0.000000    0.000000              BP_EH-PH2  132.0
60   0.980142 -44.027343    18.266200    6.000000   CONNECTIVITY_NODE958  132.0
61   0.997008 -35.801908    83.809600    2.250000   CONNECTIVITY_NODE546  132.0
62   0.926482 -39.293722    53.724000    9.000000   CONNECTIVITY_NODE224  132.0
63   0.943884 -53.413159    36.532300   12.000000   CONNECTIVITY_NODE371  132.0
64   0.972473 -17.706384    10.744800    0.000000   CONNECTIVITY_NODE581  132.0
65   0.985446 -39.416844    25.787600    3.000010   CONNECTIVITY_NODE897  132.0
66   1.058693 -27.765021     0.000000    0.000000   CONNECTIVITY_NODE872  220.0
67   0.896566 -48.134549    19.340500    5.249980   CONNECTIVITY_NODE208  132.0
68   0.903452 -36.568677     0.000000    0.000000   CONNECTIVITY_NODE306  220.0
69   0.878332 -48.061631    33.308900   12.750100   CONNECTIVITY_NODE679  132.0
70   0.931454 -45.850923    17.191700    6.000010   CONNECTIVITY_NODE859  132.0
71   0.990004 -43.961762    12.893800    2.250000   CONNECTIVITY_NODE239  132.0
72   1.050928 -33.914523     0.000000    0.000000              BP_SD-EH2  400.0
73   0.843921 -53.897349    39.755700    7.499990   CONNECTIVITY_NODE258  132.0
74   0.996004 -28.836569    45.128200    0.000000   CONNECTIVITY_NODE269  132.0
75   0.984277 -14.895592    51.575100    7.500010   CONNECTIVITY_NODE755  132.0
76   0.937020 -23.386558     7.521350    2.249990   CONNECTIVITY_NODE344  132.0
77        NaN        NaN     0.000000    0.000000   CONNECTIVITY_NODE748  220.0
78   0.959068 -51.030903     0.000000    0.000000   CONNECTIVITY_NODE183  132.0
79   0.910043 -34.231220    35.457800   11.250000    CONNECTIVITY_NODE98  132.0
80   0.886160 -45.926651    64.468800   25.500000    CONNECTIVITY_NODE36  132.0
81   1.104295 -27.902355     0.000000    0.000000             EH_border3  400.0
82   0.957720 -55.140780    41.904800    7.500020    CONNECTIVITY_NODE59  132.0
83   1.044389 -33.881742     0.000000    0.000000           TerminalES41  400.0
84   0.942199 -31.288875     0.000000    0.000000   CONNECTIVITY_NODE191  132.0
85   0.932774 -46.676148    30.085400    0.000750   CONNECTIVITY_NODE358  220.0
86   0.927512 -32.858580    50.500400    8.249970    CONNECTIVITY_NODE94  132.0
87   1.017403 -33.807891     0.000000    0.000000   CONNECTIVITY_NODE655  220.0
88        NaN        NaN     0.000000    0.000000   CONNECTIVITY_NODE651  220.0
89   0.915572 -41.948789     6.446880    0.000000    CONNECTIVITY_NODE43  132.0
90   0.968507 -22.383803    12.893700    5.249990    CONNECTIVITY_NODE71  132.0
91   0.951953 -36.174365    18.266100    5.250000   CONNECTIVITY_NODE728  132.0
92   0.938709 -29.428468    12.893800    0.000000    CONNECTIVITY_NODE28  132.0
93   0.993859 -45.432080    90.256200   13.500000   CONNECTIVITY_NODE235  132.0
94   0.982438 -46.287776    24.713100    8.250010   CONNECTIVITY_NODE216  132.0
95   0.992518 -19.146206     0.000000    0.000000         Bus-1025750665   33.0
96   0.853066 -51.553915    29.010900    8.250000   CONNECTIVITY_NODE296  132.0
97   1.000000 -41.481652    12.381700  -43.816748    CONNECTIVITY_NODE79  132.0
98   0.994324 -39.509057    21.489600    8.250010    CONNECTIVITY_NODE83  132.0
99   1.000000 -25.970081  -478.410000   42.877860   CONNECTIVITY_NODE246  132.0
100  0.945106 -36.282221    46.202600   12.000000   CONNECTIVITY_NODE128  132.0
101  0.970115 -53.525936    55.872800   16.500000   CONNECTIVITY_NODE140  132.0
102  0.959570 -51.454327    41.904720    9.000030  CONNECTIVITY_NODE1018  132.0
103  0.974472 -16.951088     0.000000    0.000000         Bus-1150881858   33.0
104  0.961283 -39.164624    41.904700   22.500100   CONNECTIVITY_NODE250  132.0
105  1.044334 -33.881466     0.000000    0.000000            EH_SD_400kV  400.0
106  0.991459 -45.582092    67.692000   16.500000   CONNECTIVITY_NODE629  132.0
107  0.895346 -47.572114    96.702800   22.499900   CONNECTIVITY_NODE351  132.0
108  0.977234 -55.147430    21.489600    6.750010     CONNECTIVITY_NODE9  132.0
109  0.962011 -29.550363    76.288200   19.500100   CONNECTIVITY_NODE136  132.0
110  0.957978 -25.216109    21.489500    7.500000   CONNECTIVITY_NODE318  132.0
111  1.000000 -30.502681  -323.352400   47.729357    CONNECTIVITY_NODE90  132.0
112  0.992695 -28.520235    36.532300    6.000010   CONNECTIVITY_NODE792  132.0
113  0.971712 -21.415738    11.819300    5.250010   CONNECTIVITY_NODE669  132.0
114  0.914020 -42.914886    11.819300    2.250000    CONNECTIVITY_NODE32  132.0
115  1.009310 -35.954391     0.000000    0.000000  CONNECTIVITY_NODE1122  220.0
116  1.000000 -27.441169  -195.052300  -79.140585   CONNECTIVITY_NODE124  132.0
117  1.000000 -38.403170   -96.603200 -122.064636    CONNECTIVITY_NODE47  132.0
118  0.957597 -27.053918    45.128200   23.250000   CONNECTIVITY_NODE170  132.0
119  0.903088 -34.597253    73.064300   26.999900   CONNECTIVITY_NODE708  132.0
120  1.000000 -53.890116   -28.700800 -318.870621    CONNECTIVITY_NODE13  132.0
121  0.882940 -46.857440    48.351700   18.750000   CONNECTIVITY_NODE384  132.0
122  0.962398 -51.530455    26.862000    7.500020   CONNECTIVITY_NODE401  132.0
123  0.977787 -27.570767    16.117200    6.749970   CONNECTIVITY_NODE446  132.0
124  0.981546 -20.649540    22.564000    7.499980   CONNECTIVITY_NODE692  132.0
125  0.978933 -17.893783    69.841100    7.500000    CONNECTIVITY_NODE63  132.0
126  0.883640 -48.359618    24.712900    6.749980   CONNECTIVITY_NODE496  132.0
127  1.000000 -38.201681   -33.544000  -40.685421   CONNECTIVITY_NODE254  132.0
128  1.000000 -40.081341    39.680250 -180.614163     CONNECTIVITY_NODE1  132.0
129  0.965408 -29.150406    65.543100   21.000000   CONNECTIVITY_NODE132  132.0
130  0.941714 -31.635231    70.915800   15.000100   CONNECTIVITY_NODE330  132.0

=== Line loading (res_line) ===
        p_from_mw   q_from_mvar  ...  loading_percent                      name
47   6.499220e+02  2.132856e+02  ...       181.111921                     26-30
118 -3.065075e+02  2.453747e+01  ...       143.530680                     23-25
106  2.739730e+02  4.522928e+00  ...       119.848443                     89-92
120  2.430891e+02  3.651840e+01  ...       107.516959                     25-27
105  3.727110e+00  2.780680e+01  ...        98.168676               L-356722636
186 -2.844973e+02  8.218565e+01  ...        86.549025                      8-30
54  -2.624491e+02  7.323568e+01  ...        73.252540                     64-65
115 -1.482175e+02  1.091325e+01  ...        72.680042                     15-17
3    1.412003e+02 -2.664231e+01  ...        67.073093                     23-32
77  -1.420944e+02  3.691976e+01  ...        64.421874                     49-66
72  -1.420935e+02  3.691936e+01  ...        64.421487                     49-66
143  1.404398e+02 -3.943496e+01  ...        63.802194                   100-103
109 -1.415855e+02 -1.924383e+02  ...        62.698146                     65-68
127 -1.763551e+02 -9.054973e+01  ...        56.866269                     38-65
19  -1.129414e+00 -1.246635e+02  ...        55.932959                     11-12
108 -1.250409e+02  2.702990e+00  ...        54.880134                     60-61
61   1.237636e+02  3.967211e+00  ...        54.216765                     89-90
175 -1.210788e+02  6.404571e+00  ...        53.892739                     88-89
130 -4.094856e+01 -1.960343e+02  ...        51.132344                     68-81
190 -1.940750e+02 -3.155501e+01  ...        51.124348                     63-64
174 -6.345008e+01  8.991902e+01  ...        48.976218                     31-32
56  -9.713935e+01 -1.831074e+01  ...        48.893110                     34-37
148  1.015394e+02  2.499672e+01  ...        46.971116                     69-75
132  9.165403e+01  2.977320e+01  ...        46.263122                     17-18
101 -8.986900e+01 -3.805405e+01  ...        44.215720                     77-80
6   -8.915254e+01 -3.307004e+00  ...        44.048553                     22-23
183 -9.159655e+01  1.008102e+01  ...        40.982219                     85-89
16  -8.429041e+01  1.978351e+01  ...        39.988873                     82-83
158 -7.677035e+01  6.143935e+00  ...        38.713748                     21-22
104  8.040736e+01  2.442202e+01  ...        38.349834                     69-70
151 -4.269829e-02  1.475488e+02  ...        38.328900                  EH_line1
114 -7.993737e+01  2.388378e+01  ...        38.053270                       4-5
10   8.441823e+01 -1.126103e+01  ...        38.052104                     92-93
90   8.655049e+01 -4.108793e+00  ...        37.898653                     89-92
55   7.852190e+01 -1.419884e+01  ...        35.652496                     92-94
113 -6.136243e+01  4.467360e+01  ...        35.538951                     16-17
31   6.477262e+01 -3.599417e+01  ...        34.823718                     27-28
123  6.775204e+01 -3.357271e+01  ...        34.484015                       5-6
163 -6.646787e+01 -1.621854e+01  ...        34.448424                     42-49
99  -6.646787e+01 -1.621854e+01  ...        34.448424                     42-49
65   7.458366e+01  8.105652e+00  ...        34.445686                   110-112
71  -6.914068e+01  2.402624e+01  ...        33.014116                     47-69
138  6.957783e+01 -2.084254e+01  ...        32.801513                     93-94
86  -6.307659e+01 -3.300408e+01  ...        32.248290                     79-80
117  6.295758e+01  1.248342e+01  ...        31.751211                     37-39
64  -6.077764e+01  1.491202e+01  ...        31.590938                     20-21
82   3.043942e+01 -6.283092e+01  ...        31.504980                    94-100
131 -6.847381e+01  1.647832e+01  ...        31.497574                     85-88
57   6.516820e+01 -1.620336e+01  ...        31.345691                     23-24
139 -6.103468e+01 -1.855794e+01  ...        30.896766                     76-77
168  6.837782e+01  8.449795e+00  ...        30.320818                   103-110
26   6.792946e+01 -7.868957e+00  ...        29.910116                     49-51
39   6.621008e+01 -9.579025e+00  ...        29.890610                    92-102
92  -6.527057e+01  2.703129e+00  ...        29.845791                     83-85
29   6.642324e+01  8.226270e+00  ...        29.518489                   100-106
129 -1.863555e+00 -8.085023e+00  ...        29.250866               L-356394998
24  -1.863555e+00 -8.085023e+00  ...        29.250866               L-356394945
134 -1.863555e+00 -8.085023e+00  ...        29.250866               L-356394846
116 -1.863555e+00 -8.085023e+00  ...        29.250866               L-356395030
149  4.530855e+01 -4.468413e+01  ...        29.238335                     28-29
128  6.518333e+01 -1.754395e-02  ...        28.510315                     89-90
169 -3.362838e+01  5.354320e+01  ...        28.426967                     12-16
185 -5.881417e+01  2.097845e+01  ...        28.364239                     49-69
66   8.652591e+01 -4.119789e+01  ...        27.837331                     30-38
2    6.254112e+01  8.000339e+00  ...        27.822023                   100-104
180 -5.929298e+01  1.465222e+01  ...        27.618548                   101-102
112  5.848397e+01  1.263902e+01  ...        27.347080                     69-77
28   4.780771e+01 -3.603701e+01  ...        27.303280                      5-11
18  -5.785152e+01  1.259821e+01  ...        27.276181                       3-5
46   1.717534e+01  5.899385e+01  ...        27.181035                     54-56
147 -5.908860e+01  1.392226e+01  ...        26.914732                     59-61
20  -4.023913e+01 -3.902866e+01  ...        26.825152                     17-31
76   5.138682e+01  5.916003e+00  ...        25.594458                     37-40
52   5.527483e+01  9.279614e+00  ...        25.484999                     77-78
23  -2.655145e+01  4.469493e+01  ...        25.180238                     14-15
40   5.277490e+01 -6.551596e+00  ...        24.919382                    32-113
74  -5.451146e+01  4.520907e+00  ...        24.660090                     84-85
91   5.375702e+01  2.895035e+00  ...        24.603825                   104-105
80   4.798267e+01  1.920896e+01  ...        24.550705                    75-118
79   5.200530e+01 -1.607957e+01  ...        24.321246                    92-100
21  -9.406925e+00 -5.367445e+01  ...        24.303121                      7-12
172  5.470375e+01 -8.346071e+00  ...        24.203558                     49-50
182  1.114519e+01 -5.207686e+01  ...        24.011086                       6-7
68  -5.191464e+01 -5.237809e+00  ...        23.986920                     45-49
98   5.447884e+01 -2.814439e+00  ...        23.860089                     66-67
179  5.140082e+01  1.043956e+01  ...        23.760943                     94-95
60  -3.291417e+01 -4.044800e+01  ...        23.727348                   110-111
124  1.848678e+01 -4.956497e+01  ...        23.479628                     29-31
81   3.803265e+01 -3.288381e+01  ...        22.917251                      4-11
96  -4.959305e+01  1.306027e+01  ...        22.843744                     59-60
184 -4.078183e+01  1.791121e+01  ...        22.513632                     19-20
107  4.371881e+01 -1.640197e+01  ...        21.943737                     27-32
160  4.669240e+01  1.409311e+01  ...        21.842488                   103-105
25  -4.401255e+01 -1.091308e+01  ...        21.633568                     74-75
95  -4.412724e+01  8.744631e+00  ...        21.586170                    17-113
22  -4.180566e+01 -2.379413e+01  ...        21.529636                      2-12
144 -1.102402e+01  4.527679e+01  ...        21.141278                     12-14
187 -4.118786e+01 -2.064141e+01  ...        20.872724                     77-80
122 -3.847436e+01 -2.349803e+01  ...        20.724956                     45-46
50  -3.511392e+01  2.515824e+01  ...        19.723774                   100-101
30  -4.143731e+01  1.001924e+01  ...        19.713435                     83-84
17  -8.929223e-13  4.734848e-13  ...        19.285448            TieLine_EH-SD3
136 -2.648314e+01  2.581074e+01  ...        18.896702                     13-15
88  -4.142739e+01  4.415869e+00  ...        18.686100                     55-59
173 -3.589950e+01 -1.038660e+01  ...        18.600786                     35-37
157  3.886437e+01 -4.046168e+00  ...        18.362812                    27-115
78   4.041783e+01 -1.129916e+01  ...        18.356027                     49-54
49   3.818728e-02 -1.319605e+02  ...        18.238280            TieLine_EH-SD2
75   1.041582e+01  3.728820e+01  ...        18.129392                     11-13
94   3.931407e+01 -1.280791e+01  ...        18.084961                     49-54
103 -1.500097e+01  3.251210e+01  ...        17.848016                     15-19
69  -3.623519e+01  1.465912e+01  ...        17.627031                     46-47
58  -3.748231e+01  7.041422e+00  ...        17.241226                     54-59
121  3.455574e+01  1.512694e+01  ...        17.234823                   103-104
14  -3.768389e+01  4.106254e+00  ...        17.042684                     62-66
159  3.299810e+01  8.868845e+00  ...        16.957767                     34-36
125 -2.752695e+01  1.733879e+01  ...        16.780894                     77-82
145 -3.312162e+01 -1.293356e+01  ...        16.696763                     44-45
0    3.226244e+01  7.212462e-01  ...        16.561083                     39-40
38   3.562390e+01 -1.177883e+01  ...        16.545011                     50-57
111 -3.716334e+01  1.741720e+00  ...        16.395026                     48-49
135 -3.425331e+01  8.032999e+00  ...        16.076835                     56-59
119 -3.471895e+01 -1.621542e+00  ...        15.962091                       1-3
42  -3.275329e+01  7.166585e+00  ...        15.369376                     56-59
35  -3.115838e+01 -9.419089e+00  ...        15.350041                     75-77
7    2.948466e+01  7.855413e+00  ...        14.558509                     70-74
181  2.834605e+01 -1.380862e+01  ...        14.498837                   105-108
83   3.080441e+01  1.080647e+01  ...        14.423364                     61-62
178  2.802701e+01 -9.557224e+00  ...        13.841894                     24-72
170  2.868714e+01  3.161715e+00  ...        13.567872                   105-107
48   2.991414e+01 -4.872815e+00  ...        13.525070                     51-52
70   2.960928e+01 -3.538460e+00  ...        13.456462                     94-96
34   2.591675e+01 -1.364166e+01  ...        13.437478                   108-109
8   -1.894384e+01 -2.129690e+01  ...        13.017251                      3-12
51  -2.939607e+01  9.041986e-01  ...        12.966937                    99-100
162  2.581313e+01 -3.083784e-01  ...        12.741622                     18-19
189 -2.007935e+01 -1.862846e+01  ...        12.578782                       1-2
142  2.593916e+01  6.590361e-01  ...        12.161412                   106-107
141  1.586637e+01  1.947081e+01  ...        11.854136                     80-97
15  -1.998756e+01 -1.036718e+01  ...        11.669689                     41-42
5    2.590258e+01 -1.768282e-02  ...        11.379735                     80-98
36  -2.185277e+01  1.086540e+01  ...        11.235570                     56-57
146 -2.356757e+01  6.098231e+00  ...        11.114247                     62-67
156  2.248978e+01 -4.769725e+00  ...        10.746602                     24-70
110  1.722291e+01 -1.546897e+01  ...        10.607936                   109-110
13  -2.114056e+01 -9.466010e+00  ...        10.531296                     78-79
67   1.984992e+01 -3.464469e+00  ...        10.423848                     40-41
126 -2.007374e+01 -9.430400e+00  ...         9.784160                     55-56
37   7.865598e+00  1.598983e+01  ...         9.739782                     80-96
41   1.748808e+01 -1.201710e+01  ...         9.468912                     51-58
85  -1.568796e+01 -1.102810e+01  ...         9.355102                     43-44
89   1.899151e+01 -2.933118e+00  ...         8.524438                     85-86
1   -1.439296e+01 -1.244587e+01  ...         8.471277                     53-54
62  -1.492994e+01  8.694654e+00  ...         8.203729                   114-115
43  -1.548875e+01  5.880187e+00  ...         8.176397                     46-48
73  -1.454218e+01  3.716569e+00  ...         7.602381                     71-72
161  4.203329e-01 -1.660097e+01  ...         7.537476                     96-97
44   1.478545e+01  3.542531e+00  ...         7.527242                     70-75
155 -1.643713e+00 -1.625546e+01  ...         7.477290                     82-96
165 -1.441163e+01 -3.951859e-01  ...         7.218940                     33-37
154  1.584689e+01 -4.013319e+00  ...         7.150040                     80-99
53  -1.202962e+01 -8.441956e+00  ...         7.117717                    76-118
33  -9.404049e+00 -9.468823e+00  ...         6.903652                     40-42
4   -1.452062e+01  1.978288e+00  ...         6.863639                     70-71
152  5.884519e+00 -1.305613e+01  ...         6.541164                     95-96
133  1.166349e+01 -8.587598e+00  ...         6.538325                     90-91
97  -4.424495e+00  1.065481e+01  ...         6.055831                     56-58
9    1.036561e+01  4.038236e+00  ...         5.991122                     15-33
87  -6.311371e+00  9.638270e+00  ...         5.962857                    32-114
150  1.038072e+01 -7.844984e+00  ...         5.827193                     52-53
27  -9.212197e+00  7.966166e+00  ...         5.779624                     60-62
188  6.216388e+00  9.589399e+00  ...         5.756057                     54-55
102  8.487494e+00  7.758273e+00  ...         5.705016                   105-106
100 -1.078988e+01 -3.905289e+00  ...         5.055893                    98-100
12   3.688111e+00 -8.984115e+00  ...         4.803574                     34-43
45   2.416846e-04 -1.732885e+01  ...         4.424453                    68-116
93  -4.225955e+00 -8.226816e+00  ...         4.067581                     47-49
171  4.349455e-04 -2.894471e+01  ...         4.000453                LineEH-SD4
164  3.018602e-04 -2.631512e+01  ...         3.636825   TieLine_EH-HVDC_EH_SD_1
32   8.663255e-01 -6.743536e+00  ...         3.057947                     91-92
153  2.951464e+00 -3.826906e+00  ...         2.394070                     19-34
59   4.417001e-01  3.636603e+00  ...         1.925591                     35-36
176  1.059455e-03 -3.584501e+00  ...         1.567813                    12-117
177  2.668496e-05 -1.045897e+00  ...         0.485525                     71-73
11   0.000000e+00  0.000000e+00  ...         0.000000               L-356722675
166  0.000000e+00  0.000000e+00  ...         0.000000               L-356722699
63   0.000000e+00  0.000000e+00  ...         0.000000               L-356722688
137  0.000000e+00  0.000000e+00  ...         0.000000               L-356722660
84   0.000000e+00  0.000000e+00  ...              NaN                       8-9
140  0.000000e+00  0.000000e+00  ...              NaN                      9-10
167  0.000000e+00  0.000000e+00  ...              NaN  TieLine_Espheim-Svedala1

[191 rows x 15 columns]

=== Transformer loading (res_trafo) ===
       p_hv_mw   q_hv_mvar  ...  loading_percent            name
0   361.440184   25.072115  ...       120.769578           26-25
1   254.411916  -82.186399  ...        71.656562             8-5
2    -3.727110  -16.058235  ...         6.687646  Tr2-2061408755
3    -3.727110  -16.058235  ...         6.687646   Tr2-356395179
4  -101.269522   79.193852  ...        41.691858           68-69
5    61.508510    0.700001  ...        20.504164           65-66
6    -0.423775  287.715046  ...        44.258402             Aac
7   -41.958908  168.246655  ...        54.595573           81-80
8    -1.863555  -13.463296  ...         5.611093   Tr2-959218037
9   194.074979   31.555012  ...        64.936644           63-59
10   -1.863555  -13.463296  ...         5.611093   Tr2-857280823
11   -0.038622  160.905189  ...        48.148269          Aaa(1)
12   -3.703244   -8.221417  ...        18.372985           86-87
13  235.251441  -11.565320  ...        86.902081           30-17
14  262.422741   78.901280  ...        99.841867           38-37
15   67.492157   66.668537  ...        23.311234           64-61

[16 rows x 14 columns]

=== Generator results (res_gen) ===
         p_mw      q_mvar  va_degree  vm_pu             name  bus
0   292.57800  238.357689   0.000000    1.0      TannrsCk SM   17
1   204.99100  115.271466  -7.936190    1.0      TannrsCk SM   20
2     3.72711   16.298388 -19.047419    1.0   SynM-240675702    7
3   766.35700    7.355130  -9.811255    1.0      ClinchRv SM   46
4     0.00000    0.000000   0.000000    0.0         Breed SM   77
5     3.72711   16.298388 -19.047419    1.0  SynM-1625425244    7
6   478.41000  -42.877860 -25.970081    1.0         Sporn SM   99
7   190.08300  144.564736 -38.403170    1.0         Philo SM  117
8    37.27110   94.808889 -32.007412    1.0       Claytor SM   43
9    79.20120  326.370611 -53.890116    1.0      TwinBrch SM  120
10    3.72711    8.396446 -20.336920    1.0      Pinevlle SM   25
11    6.52245  200.864263 -40.081341    1.0       DeerCrk SM  128
12  444.45800  -13.261635 -26.924799    1.0      CabinCrk SM   31
13  234.80800   92.640585 -27.441169    1.0      Glen Lyn SM  116
14   17.70380   51.316768 -41.481652    1.0      W.Lancst SM   97
15  149.08500  -67.749162 -34.826577    1.0      W.Kammer SM    4
16  144.42600   59.036815 -40.210910    1.0          Tidd SM   38
17   33.54400   40.685421 -38.201681    1.0      DanRiver SM  127
18   44.72540  128.495014 -45.431628    1.0        Torrey SM   22
19    3.72711   27.806796 -16.749856    1.0   SynM-524781358   16
20  364.32500 -247.335987 -29.198622    1.0      Muskngum SM   13
21  365.25700  -34.229457 -30.502681    1.0      Muskngum SM  111

=== External grid feed-in (res_ext_grid) ===
         p_mw  q_mvar                          name  bus
0  359.392113     0.0  External Network Injection 1   17
1  359.392113     0.0  External Network Injection 2   17

=== Summary ===
Total load:  P = 4332.30 MW, Q = 1072.50 MVAr
Total gen:   P = 3868.65 MW, Q = 1163.11 MVAr
Ext. grid:   P = 718.78 MW, Q = 0.00 MVAr
Min/max bus voltage: 0.8439 / 1.1113 p.u.
Max line loading: 181.1 %
